0 0 0 0 0 0 0 0 0 0 0 0 0 0 0 0 0 0 0 0 0 0 0 0 0 0 0 0 0 0 0 0 0 0 0 0 0 0 0 0 0 0 0 0 0 0 0 0 0 0 0 0 0 0 0 0 0 0 0 0 0 0 0 0 0 0 0 0 0 0 0 0 0 0 0 0 0 0 0 0 0 0 0 0 0 0 0 0 0 0 0 0 0 0 0 0 0 0 0 0
0 0 0 0 0 0 0 0 0 0 0 0 0 0 0 0 0 0 0 0 0 0 0 0 0 0 0 0 0 0 0 0 0 0 0 0 0 0 0 0 0 0 0 0 0 0 0 0 0 0 0 0 0 0 0 0 0 0 0 0 0 0 0 0 0 0 0 0 0 0 0 0 0 0 0 0 0 0 0 0 0 0 0 0 0 0 0 0 0 0 0 0 0 0 0 0 0 0 0 0
0 0 0 0 0 0 0 0 0 0 0 0 0 0 0 0 0 0 0 0 0 0 0 0 0 0 0 0 0 0 0 0 0 0 0 0 0 0 0 0 0 0 0 0 0 0 0 0 0 0 0 0 0 0 0 0 0 0 0 0 0 0 0 0 0 0 0 0 0 0 0 0 0 0 0 0 0 0 0 0 0 0 0 0 0 0 0 0 0 0 0 0 0 0 0 0 0 0 0 0
0 0 0 0 0 0 0 0 0 0 0 0 0 0 0 0 0 0 0 0 0 0 0 0 0 0 0 0 0 0 0 0 0 0 0 0 0 0 0 0 0 0 0 0 0 0 0 0 0 0 0 0 0 0 0 0 0 0 0 0 0 0 0 0 0 0 0 0 0 0 0 0 0 0 0 0 0 0 0 0 0 0 0 0 0 0 0 0 0 0 0 0 0 0 0 0 0 0 0 0
0 0 0 0 0 0 0 0 0 0 0 0 0 0 0 0 0 0 0 0 0 0 0 0 0 0 0 0 0 0 0 0 0 0 0 0 0 0 0 0 0 0 0 0 0 0 0 0 0 0 0 0 0 0 0 0 0 0 0 0 0 0 0 0 0 0 0 0 0 0 0 0 0 0 0 0 0 0 0 0 0 0 0 0 0 0 0 0 0 0 0 0 0 0 0 0 0 0 0 0
0 0 0 0 0 0 0 0 0 0 0 0 0 0 0 0 0 0 0 0 0 0 0 0 0 0 0 0 0 0 0 0 0 0 0 0 0 0 0 0 0 0 0 0 0 0 0 0 0 0 0 0 0 0 0 0 0 0 0 0 0 0 0 0 0 0 0 0 0 0 0 0 0 0 0 0 0 0 0 0 0 0 0 0 0 0 0 0 0 0 0 0 0 0 0 0 0 0 0 0
0 0 0 0 0 0 0 0 0 0 0 0 0 0 0 0 0 0 0 0 0 0 0 0 0 0 0 0 0 0 0 0 0 0 0 0 0 0 0 0 0 0 0 0 0 0 0 0 0 0 0 0 0 0 0 0 0 0 0 0 0 0 0 0 0 0 0 0 0 0 0 0 0 0 0 0 0 0 0 0 0 0 0 0 0 0 0 0 0 0 0 0 0 0 0 0 0 0 0 0
0 0 0 0 0 0 0 0 0 0 0 0 0 0 0 0 0 0 0 0 0 0 0 0 0 0 0 0 0 0 0 0 0 0 0 0 0 0 0 0 0 0 0 0 0 0 0 0 0 0 0 0 0 0 0 0 0 0 0 0 0 0 0 0 0 0 0 0 0 0 0 0 0 0 0 0 0 0 0 0 0 0 0 0 0 0 0 0 0 0 0 0 0 0 0 0 0 0 0 0
0 0 0 0 0 0 0 0 0 0 0 0 0 0 0 0 0 0 0 0 0 0 0 0 0 0 0 0 0 0 0 0 0 0 0 0 0 0 0 0 0 0 0 0 0 0 0 0 0 0 0 0 0 0 0 0 0 0 0 0 0 0 0 0 0 0 0 0 0 0 0 0 0 0 0 0 0 0 0 0 0 0 0 0 0 0 0 0 0 0 0 0 0 0 0 0 0 0 0 0
0 0 0 0 0 0 0 0 0 0 0 0 0 0 0 0 0 0 0 0 0 0 0 0 0 0 0 0 0 0 0 0 0 0 0 0 0 0 0 0 0 0 0 0 0 0 0 0 0 0 0 0 0 0 0 0 0 0 0 0 0 0 0 0 0 0 0 0 0 0 0 0 0 0 0 0 0 0 0 0 0 0 0 0 0 0 0 0 0 0 0 0 0 0 0 0 0 0 0 0
0 0 0 0 0 0 0 0 0 0 0 0 0 0 0 0 0 0 0 0 0 0 0 0 0 0 0 0 0 0 0 0 0 0 0 0 0 0 0 0 0 0 0 0 0 0 0 0 0 0 0 0 0 0 0 0 0 0 0 0 0 0 0 0 0 0 0 0 0 0 0 0 0 0 0 0 0 0 0 0 0 0 0 0 0 0 0 0 0 0 0 0 0 0 0 0 0 0 0 0
0 0 0 0 0 0 0 0 0 0 0 0 0 0 0 0 0 0 0 0 0 0 0 0 0 0 0 0 0 0 0 0 0 0 0 0 0 0 0 0 0 0 0 0 0 0 0 0 0 0 0 0 0 0 0 0 0 0 0 0 0 0 0 0 0 0 0 0 0 0 0 0 0 0 0 0 0 0 0 0 0 0 0 0 0 0 0 0 0 0 0 0 0 0 0 0 0 0 0 0
0 0 0 0 0 0 0 0 0 0 0 0 0 0 0 0 0 0 0 0 0 0 0 0 0 0 0 0 0 0 0 0 0 0 0 0 0 0 0 0 0 0 0 0 0 0 0 0 0 0 0 0 0 0 0 0 0 0 0 0 0 0 0 0 0 0 0 0 0 0 0 0 0 0 0 0 0 0 0 0 0 0 0 0 0 0 0 0 0 0 0 0 0 0 0 0 0 0 0 0
0 0 0 0 0 0 0 0 0 0 0 0 0 0 0 0 0 0 0 0 0 0 0 0 0 0 0 0 0 0 0 0 0 0 0 0 0 0 0 0 0 0 0 0 0 0 0 0 0 0 0 0 0 0 0 0 0 0 0 0 0 0 0 0 0 0 0 0 0 0 0 0 0 0 0 0 0 0 0 0 0 0 0 0 0 0 0 0 0 0 0 0 0 0 0 0 0 0 0 0
0 0 0 0 0 0 0 0 0 0 0 0 0 0 0 0 0 0 0 0 0 0 0 0 0 0 0 0 0 0 0 0 0 0 0 0 0 0 0 0 0 0 0 0 0 0 0 0 0 0 0 0 0 0 0 0 0 0 0 0 0 0 0 0 0 0 0 0 0 0 0 0 0 0 0 0 0 0 0 0 0 0 0 0 0 0 0 0 0 0 0 0 0 0 0 0 0 0 0 0
0 0 0 0 0 0 0 0 0 0 0 0 0 0 0 0 0 0 0 0 0 0 0 0 0 0 0 0 0 0 0 0 0 0 0 0 0 0 0 0 0 0 0 0 0 0 0 0 0 0 0 0 0 0 0 0 0 0 0 0 0 0 0 0 0 0 0 0 0 0 0 0 0 0 0 0 0 0 0 0 0 0 0 0 0 0 0 0 0 0 0 0 0 0 0 0 0 0 0 0
0 0 0 0 0 0 0 0 0 0 0 0 0 0 0 0 0 0 0 0 0 0 0 0 0 0 0 0 0 0 0 0 0 0 0 0 0 0 0 0 0 0 0 0 0 0 0 0 0 0 0 0 0 0 0 0 0 0 0 0 0 0 0 0 0 0 0 0 0 0 0 0 0 0 0 0 0 0 0 0 0 0 0 0 0 0 0 0 0 0 0 0 0 0 0 0 0 0 0 0
0 0 0 0 0 0 0 0 0 0 0 0 0 0 0 0 0 0 0 0 0 0 0 0 0 0 0 0 0 0 0 0 0 0 0 0 0 0 0 0 0 0 0 0 0 0 0 0 0 0 0 0 0 0 0 0 0 0 0 0 0 0 0 0 0 0 0 0 0 0 0 0 0 0 0 0 0 0 0 0 0 0 0 0 0 0 0 0 0 0 0 0 0 0 0 0 0 0 0 0
0 0 0 0 0 0 0 0 0 0 0 0 0 0 0 0 0 0 0 0 0 0 0 0 0 0 0 0 0 0 0 0 0 0 0 0 0 0 0 0 0 0 0 0 0 0 0 0 0 0 0 0 0 0 0 0 0 0 0 0 0 0 0 0 0 0 0 0 0 0 0 0 0 0 0 0 0 0 0 0 0 0 0 0 0 0 0 0 0 0 0 0 0 0 0 0 0 0 0 0
0 0 0 0 0 0 0 0 0 0 0 0 0 0 0 0 0 0 0 0 0 0 0 0 0 0 0 0 0 0 0 0 0 0 0 0 0 0 0 0 0 0 0 0 0 0 0 0 0 0 0 0 0 0 0 0 0 0 0 0 0 0 0 0 0 0 0 0 0 0 0 0 0 0 0 0 0 0 0 0 0 0 0 0 0 0 0 0 0 0 0 0 0 0 0 0 0 0 0 0
0 0 0 0 0 0 0 0 0 0 0 0 0 0 0 0 0 0 0 0 0 0 0 0 0 0 0 0 0 0 0 0 0 0 0 0 0 0 0 0 0 0 0 0 0 0 0 0 0 0 0 0 0 0 0 0 0 0 0 0 0 0 0 0 0 0 0 0 0 0 0 0 0 0 0 0 0 0 0 0 0 0 0 0 0 0 0 0 0 0 0 0 0 0 0 0 0 0 0 0
0 0 0 0 0 0 0 0 0 0 0 0 0 0 0 0 0 0 0 0 0 0 0 0 0 0 0 0 0 0 0 0 0 0 0 0 0 0 0 0 0 0 0 0 0 0 0 0 0 0 0 0 0 0 0 0 0 0 0 0 0 0 0 0 0 0 0 0 0 0 0 0 0 0 0 0 0 0 0 0 0 0 0 0 0 0 0 0 0 0 0 0 0 0 0 0 0 0 0 0
0 0 0 0 0 0 0 0 0 0 0 0 0 0 0 0 0 0 0 0 0 0 0 0 0 0 0 0 0 0 0 0 0 0 0 0 0 0 0 0 0 0 0 0 0 0 0 0 0 0 0 0 0 0 0 0 0 0 0 0 0 0 0 0 0 0 0 0 0 0 0 0 0 0 0 0 0 0 0 0 0 0 0 0 0 0 0 0 0 0 0 0 0 0 0 0 0 0 0 0
0 0 0 0 0 0 0 0 0 0 0 0 0 0 0 0 0 0 0 0 0 0 0 0 0 0 0 0 0 0 0 0 0 0 0 0 0 0 0 0 0 0 0 0 0 0 0 0 0 0 0 0 0 0 0 0 0 0 0 0 0 0 0 0 0 0 0 0 0 0 0 0 0 0 0 0 0 0 0 0 0 0 0 0 0 0 0 0 0 0 0 0 0 0 0 0 0 0 0 0
0 0 0 0 0 0 0 0 0 0 0 0 0 0 0 0 0 0 0 0 0 0 0 0 0 0 0 0 0 0 0 0 0 0 0 0 0 0 0 0 0 0 0 0 0 0 0 0 0 0 0 0 0 0 0 0 0 0 0 0 0 0 0 0 0 0 0 0 0 0 0 0 0 0 0 0 0 0 0 0 0 0 0 0 0 0 0 0 0 0 0 0 0 0 0 0 0 0 0 0
0 0 0 0 0 0 0 0 0 0 0 0 0 0 0 0 0 0 0 0 0 0 0 0 0 0 0 0 0 0 1.3887943864964e-08 5.61408969511325e-08 2.58585020368821e-07 1.12008980820953e-06 4.53952697618319e-06 1.72118953771185e-05 6.10528475276184e-05 0.000202601308459396 0.000628981193944593 0.00182680490301584 0.00496370279332764 0.0126176496484218 0.0300061483452025 0.0667576642558667 0.13894761839694 0.270557872181764 0.492865405073041 0.839954167972275 1.33918919522106 1.99750271006294 2.78735260337585 3.63877781263842 4.44404305859155 5.07761854743337 5.4275143258323 5.4275143258323 5.07761854743337 4.44404305859155 3.63877781263842 2.78735260337585 1.99750271006294 1.33918919522106 0.839954167972275 0.492865405073041 0.270557872181764 0.13894761839694 0.0667576642558667 0.0300061483452025 0.0126176496484218 0.00496370279332764 0.00182680490301584 0.000628981193944593 0.000202601308459396 6.10528475276184e-05 1.72118953771185e-05 4.53952697618319e-06 1.12008980820953e-06 2.58585020368821e-07 5.61408969511325e-08 1.3887943864964e-08 0 0 0 0 0 0 0 0 0 0 0 0 0 0 0 0 0 0 0 0
0 0 0 0 0 0 0 0 0 0 0 0 0 0 0 0 0 0 0 0 0 0 0 0 0 0 0 0 0 0 5.61408969511325e-08 1.02533351862076e-07 3.881418322112e-07 1.67097220446969e-06 6.7710837830614e-06 2.56728577654095e-05 9.10649740433144e-05 0.000302195286748419 0.000938173369374462 0.00272481868697694 0.00740374087321059 0.0188201857193054 0.0447564562587429 0.099574142133482 0.20725095848676 0.403557678661471 0.735146300345676 1.25285563297598 1.99750271006293 2.97942747070188 4.15754876085687 5.42751432583229 6.62862878886031 7.5736548990673 8.09555110916632 8.09555110916632 7.5736548990673 6.62862878886031 5.42751432583229 4.15754876085687 2.97942747070188 1.99750271006293 1.25285563297598 0.735146300345676 0.403557678661471 0.20725095848676 0.099574142133482 0.0447564562587429 0.0188201857193054 0.00740374087321059 0.00272481868697694 0.000938173369374462 0.000302195286748419 9.10649740433144e-05 2.56728577654095e-05 6.7710837830614e-06 1.67097220446969e-06 3.881418322112e-07 1.02533351862076e-07 5.61408969511325e-08 0 0 0 0 0 0 0 0 0 0 0 0 0 0 0 0 0 0 0 0
0 0 0 0 0 0 0 0 0 0 0 0 0 0 0 0 0 0 0 0 0 0 0 0 0 0 0 0 0 0 2.58585020368821e-07 3.881418322112e-07 6.96492146745276e-07 2.46945236670752e-06 9.93498110549416e-06 3.76606623455752e-05 0.000133586241417393 0.000443300180073601 0.00137623727151879 0.00399712585547007 0.0108607901916746 0.0276079473829596 0.0656547128634872 0.146068573271469 0.30402322497264 0.591991987998311 1.07841020707306 1.83785499832479 2.93020220624801 4.37061982645897 6.09884456740621 7.96179868586783 9.72375286585 11.1100426461544 11.8756293052165 11.8756293052165 11.1100426461544 9.72375286585 7.96179868586783 6.09884456740621 4.37061982645897 2.93020220624801 1.83785499832479 1.07841020707306 0.591991987998311 0.30402322497264 0.146068573271469 0.0656547128634872 0.0276079473829596 0.0108607901916746 0.00399712585547007 0.00137623727151879 0.000443300180073601 0.000133586241417393 3.76606623455752e-05 9.93498110549416e-06 2.46945236670752e-06 6.96492146745276e-07 3.881418322112e-07 2.58585020368821e-07 0 0 0 0 0 0 0 0 0 0 0 0 0 0 0 0 0 0 0 0
0 0 0 0 0 0 0 0 0 0 0 0 0 0 0 0 0 0 0 0 0 0 0 0 0 0 0 0 0 0 1.12008980820953e-06 1.67097220446969e-06 2.46945236670752e-06 4.35302498146438e-06 1.44584889149499e-05 5.43500585367475e-05 0.000192726975238661 0.000639548056258567 0.00198549281328271 0.00576663961599992 0.0156688243224168 0.0398298898813442 0.0947198264043267 0.21073262375146 0.438613251604622 0.854064786672726 1.5558186632961 2.65146702810465 4.22739255416118 6.30547805610315 8.79878189234329 11.4864593339669 14.0284245148502 16.0284199700008 17.1329291861851 17.1329291861851 16.0284199700008 14.0284245148502 11.4864593339669 8.79878189234329 6.30547805610315 4.22739255416118 2.65146702810465 1.5558186632961 0.854064786672726 0.438613251604622 0.21073262375146 0.0947198264043267 0.0398298898813442 0.0156688243224168 0.00576663961599992 0.00198549281328271 0.000639548056258567 0.000192726975238661 5.43500585367475e-05 1.44584889149499e-05 4.35302498146438e-06 2.46945236670752e-06 1.67097220446969e-06 1.12008980820953e-06 0 0 0 0 0 0 0 0 0 0 0 0 0 0 0 0 0 0 0 0
0 0 0 0 0 0 0 0 0 0 0 0 0 0 0 0 0 0 0 0 0 0 0 0 0 0 0 0 0 0 4.53952697618319e-06 6.7710837830614e-06 9.93498110549416e-06 1.44584889149499e-05 2.50316778933217e-05 7.79062416943523e-05 0.000273572594953198 0.00090744944278831 0.00281714135469266 0.00818205906941546 0.0222318792492247 0.0565130655783529 0.134394239444787 0.299000238581338 0.622331106303551 1.21179896320893 2.20748996158448 3.76206237018187 5.99808116918771 8.94659502435137 12.4842458570129 16.2976857599584 19.9043802622654 22.7420952187796 24.3092399411849 24.3092399411849 22.7420952187796 19.9043802622654 16.2976857599584 12.4842458570129 8.94659502435137 5.99808116918771 3.76206237018187 2.20748996158448 1.21179896320893 0.622331106303551 0.299000238581338 0.134394239444787 0.0565130655783529 0.0222318792492247 0.00818205906941546 0.00281714135469266 0.00090744944278831 0.000273572594953198 7.79062416943523e-05 2.50316778933217e-05 1.44584889149499e-05 9.93498110549416e-06 6.7710837830614e-06 4.53952697618319e-06 0 0 0 0 0 0 0 0 0 0 0 0 0 0 0 0 0 0 0 0
0 0 0 0 0 0 0 0 0 0 0 0 0 0 0 0 0 0 0 0 0 0 0 0 0 0 0 0 0 0 1.72118953771185e-05 2.56728577654095e-05 3.76606623455752e-05 5.43500585367475e-05 7.79062416943523e-05 0.000132438005105997 0.000386336831371608 0.00126704187993275 0.00393123254427573 0.0114174265604186 0.0310227860435987 0.0788593891776867 0.187536233198557 0.417230519627567 0.868412453542064 1.69096691478015 3.0803727376007 5.24965212250657 8.36983453287586 12.4842458570137 17.4207499271095 22.7420952187799 27.7749441155255 31.7347445862989 33.9215676127995 33.9215676127995 31.7347445862989 27.7749441155255 22.7420952187799 17.4207499271095 12.4842458570137 8.36983453287586 5.24965212250657 3.0803727376007 1.69096691478015 0.868412453542064 0.417230519627567 0.187536233198557 0.0788593891776867 0.0310227860435987 0.0114174265604186 0.00393123254427573 0.00126704187993275 0.000386336831371608 0.000132438005105997 7.79062416943523e-05 5.43500585367475e-05 3.76606623455752e-05 2.56728577654095e-05 1.72118953771185e-05 0 0 0 0 0 0 0 0 0 0 0 0 0 0 0 0 0 0 0 0
0 0 0 0 0 0 0 0 0 0 0 0 0 0 0 0 0 0 0 0 0 0 0 0 0 0 0 0 0 0 6.10528475276184e-05 9.10649740433144e-05 0.000133586241417393 0.000192726975238661 0.000273572594953198 0.000386336831371608 0.000644702220031693 0.00176329338911397 0.00539962742358234 0.015669784075229 0.0425747590192149 0.108223834918633 0.257367983011633 0.572592135794285 1.19177796229329 2.32062206602601 4.22739255437777 7.20443341939247 11.4864593340153 17.1329291862116 23.9076095016134 31.2104320430448 38.117332527085 43.5516200150277 46.5527371417542 46.5527371417542 43.5516200150277 38.117332527085 31.2104320430448 23.9076095016134 17.1329291862116 11.4864593340153 7.20443341939247 4.22739255437777 2.32062206602601 1.19177796229329 0.572592135794285 0.257367983011633 0.108223834918633 0.0425747590192149 0.015669784075229 0.00539962742358234 0.00176329338911397 0.000644702220031693 0.000386336831371608 0.000273572594953198 0.000192726975238661 0.000133586241417393 9.10649740433144e-05 6.10528475276184e-05 0 0 0 0 0 0 0 0 0 0 0 0 0 0 0 0 0 0 0 0
0 0 0 0 0 0 0 0 0 0 0 0 0 0 0 0 0 0 0 0 0 0 0 0 0 0 0 0 0 0 0.000202601308459396 0.000302195286748419 0.000443300180073601 0.000639548056258567 0.00090744944278831 0.00126704187993275 0.00176329338911397 0.00288755036219304 0.00740748423101754 0.0211740084146739 0.0574682454752898 0.146070004907201 0.347367404071259 0.772822080881331 1.60853102111347 3.13212077209822 5.7056701219217 9.72375286848585 15.5031610920892 23.1241458673998 32.2678651991298 42.1244128944518 51.4465884864193 58.7811928139358 62.8317710569781 62.8317710569781 58.7811928139358 51.4465884864193 42.1244128944518 32.2678651991298 23.1241458673998 15.5031610920892 9.72375286848585 5.7056701219217 3.13212077209822 1.60853102111347 0.772822080881331 0.347367404071259 0.146070004907201 0.0574682454752898 0.0211740084146739 0.00740748423101754 0.00288755036219304 0.00176329338911397 0.00126704187993275 0.00090744944278831 0.000639548056258567 0.000443300180073601 0.000302195286748419 0.000202601308459396 0 0 0 0 0 0 0 0 0 0 0 0 0 0 0 0 0 0 0 0
0 0 0 0 0 0 0 0 0 0 0 0 0 0 0 0 0 0 0 0 0 0 0 0 0 0 0 0 0 0 0.000628981193944593 0.000938173369374462 0.00137623727151879 0.00198549281328271 0.00281714135469266 0.00393123254427573 0.00539962742358234 0.00740748423101754 0.0118993663628855 0.0286438223884992 0.0764056602574542 0.193922368498493 0.461100631413765 1.02583953492069 2.13515035790561 4.15754908587103 7.57365503125775 12.9072216533375 20.5787558211909 30.6947820606554 42.8320723823197 55.9155646285826 68.2897361801774 78.0256236155081 83.402324533792 83.402324533792 78.0256236155081 68.2897361801774 55.9155646285826 42.8320723823197 30.6947820606554 20.5787558211909 12.9072216533375 7.57365503125775 4.15754908587103 2.13515035790561 1.02583953492069 0.461100631413765 0.193922368498493 0.0764056602574542 0.0286438223884992 0.0118993663628855 0.00740748423101754 0.00539962742358234 0.00393123254427573 0.00281714135469266 0.00198549281328271 0.00137623727151879 0.000938173369374462 0.000628981193944593 0 0 0 0 0 0 0 0 0 0 0 0 0 0 0 0 0 0 0 0
0 0 0 0 0 0 0 0 0 0 0 0 0 0 0 0 0 0 0 0 0 0 0 0 0 0 0 0 0 0 0.00182680490301584 0.00272481868697694 0.00399712585547007 0.00576663961599992 0.00818205906941546 0.0114174265604186 0.015669784075229 0.0211740084146739 0.0286438223884992 0.0451171825179774 0.101961280803289 0.253719778379747 0.602102119146142 1.33923895998543 2.78736917682142 5.4275204254364 9.88710731786222 16.8498648538496 26.8647466559039 40.0708157910785 55.915564806454 72.9955428050057 89.1495309133253 101.859344196389 108.878413102289 108.878413102289 101.859344196389 89.1495309133253 72.9955428050057 55.915564806454 40.0708157910785 26.8647466559039 16.8498648538496 9.88710731786222 5.4275204254364 2.78736917682142 1.33923895998543 0.602102119146142 0.253719778379747 0.101961280803289 0.0451171825179774 0.0286438223884992 0.0211740084146739 0.015669784075229 0.0114174265604186 0.00818205906941546 0.00576663961599992 0.00399712585547007 0.00272481868697694 0.00182680490301584 0 0 0 0 0 0 0 0 0 0 0 0 0 0 0 0 0 0 0 0
0 0 0 0 0 0 0 0 0 0 0 0 0 0 0 0 0 0 0 0 0 0 0 0 0 0 0 0 0 0 0.00496370279332764 0.00740374087321059 0.0108607901916746 0.0156688243224168 0.0222318792492247 0.0310227860435987 0.0425747590192149 0.0574682454752898 0.0764056602574542 0.101961280803289 0.157392477821761 0.334131580522315 0.77539238899499 1.72015111281456 3.57891788237032 6.96843604276806 12.6940108637497 21.6334180732705 34.4914339149598 51.4465932370795 71.7895336945065 93.7183752673775 114.458346493483 130.776370377504 139.788094772633 139.788094772633 130.776370377504 114.458346493483 93.7183752673775 71.7895336945065 51.4465932370795 34.4914339149598 21.6334180732705 12.6940108637497 6.96843604276806 3.57891788237032 1.72015111281456 0.77539238899499 0.334131580522315 0.157392477821761 0.101961280803289 0.0764056602574542 0.0574682454752898 0.0425747590192149 0.0310227860435987 0.0222318792492247 0.0156688243224168 0.0108607901916746 0.00740374087321059 0.00496370279332764 0 0 0 0 0 0 0 0 0 0 0 0 0 0 0 0 0 0 0 0
0 0 0 0 0 0 0 0 0 0 0 0 0 0 0 0 0 0 0 0 0 0 0 0 0 0 0 0 0 0 0.0126176496484218 0.0188201857193054 0.0276079473829596 0.0398298898813442 0.0565130655783529 0.0788593891776867 0.108223834918633 0.146070004907201 0.193922368498493 0.253719778379747 0.334131580522315 0.505184294676272 1.00812786698857 2.18107921079424 4.52206545049926 8.80002145405294 16.0289241914902 27.3162809272116 43.5517325961446 64.960621009961 90.6472155484401 118.336305909961 144.524239180912 165.128672460468 176.507591957059 176.507591957059 165.128672460468 144.524239180912 118.336305909961 90.6472155484401 64.960621009961 43.5517325961446 27.3162809272116 16.0289241914902 8.80002145405294 4.52206545049926 2.18107921079424 1.00812786698857 0.505184294676272 0.334131580522315 0.253719778379747 0.193922368498493 0.146070004907201 0.108223834918633 0.0788593891776867 0.0565130655783529 0.0398298898813442 0.0276079473829596 0.0188201857193054 0.0126176496484218 0 0 0 0 0 0 0 0 0 0 0 0 0 0 0 0 0 0 0 0
0 0 0 0 0 0 0 0 0 0 0 0 0 0 0 0 0 0 0 0 0 0 0 0 0 0 0 0 0 0 0.0300061483452025 0.0447564562587429 0.0656547128634872 0.0947198264043267 0.134394239444787 0.187536233198557 0.257367983011633 0.347367404071259 0.461100631413765 0.602102119146142 0.77539238899499 1.00812786698857 1.49189952365132 2.8007325557267 5.64761225561008 10.9398933716431 19.9098395469542 33.9240220230985 54.0844044575507 80.6698603513551 112.56770245715 146.95239450562 179.472978705838 205.05990225919 219.190435282848 219.190435282848 205.05990225919 179.472978705838 146.95239450562 112.56770245715 80.6698603513551 54.0844044575507 33.9240220230985 19.9098395469542 10.9398933716431 5.64761225561008 2.8007325557267 1.49189952365132 1.00812786698857 0.77539238899499 0.602102119146142 0.461100631413765 0.347367404071259 0.257367983011633 0.187536233198557 0.134394239444787 0.0947198264043267 0.0656547128634872 0.0447564562587429 0.0300061483452025 0 0 0 0 0 0 0 0 0 0 0 0 0 0 0 0 0 0 0 0
0 0 0 0 0 0 0 0 0 0 0 0 0 0 0 0 0 0 0 0 0 0 0 0 0 0 0 0 0 0 0.0667576642558667 0.099574142133482 0.146068573271469 0.21073262375146 0.299000238581338 0.417230519627567 0.572592135794285 0.772822080881331 1.02583953492069 1.33923895998543 1.72015111281456 2.18107921079424 2.8007325557267 4.05371466908538 7.16525678604712 13.4643354579656 24.3583647653413 41.4505640531097 66.0628411524512 98.5274000825278 137.482215196285 179.475231587253 219.192104478334 250.44115544527 267.698667394821 267.698667394821 250.44115544527 219.192104478334 179.475231587253 137.482215196285 98.5274000825278 66.0628411524512 41.4505640531097 24.3583647653413 13.4643354579656 7.16525678604712 4.05371466908538 2.8007325557267 2.18107921079424 1.72015111281456 1.33923895998543 1.02583953492069 0.772822080881331 0.572592135794285 0.417230519627567 0.299000238581338 0.21073262375146 0.146068573271469 0.099574142133482 0.0667576642558667 0 0 0 0 0 0 0 0 0 0 0 0 0 0 0 0 0 0 0 0
0 0 0 0 0 0 0 0 0 0 0 0 0 0 0 0 0 0 0 0 0 0 0 0 0 0 0 0 0 0 0.13894761839694 0.20725095848676 0.30402322497264 0.438613251604622 0.622331106303551 0.868412453542064 1.19177796229329 1.60853102111347 2.13515035790561 2.78736917682142 3.57891788237032 4.52206545049926 5.64761225561008 7.16525678604712 10.1342273814857 16.8828596433844 29.562702124885 49.9261647614916 79.4188282484125 118.381565798776 165.156136619988 215.587310266463 263.288151629977 300.820028671535 321.547530572486 321.547530572486 300.820028671535 263.288151629977 215.587310266463 165.156136619988 118.381565798776 79.4188282484125 49.9261647614916 29.562702124885 16.8828596433844 10.1342273814857 7.16525678604712 5.64761225561008 4.52206545049926 3.57891788237032 2.78736917682142 2.13515035790561 1.60853102111347 1.19177796229329 0.868412453542064 0.622331106303551 0.438613251604622 0.30402322497264 0.20725095848676 0.13894761839694 0 0 0 0 0 0 0 0 0 0 0 0 0 0 0 0 0 0 0 0
0 0 0 0 0 0 0 0 0 0 0 0 0 0 0 0 0 0 0 0 0 0 0 0 0 0 0 0 0 0 0.270557872181764 0.403557678661471 0.591991987998311 0.854064786672726 1.21179896320893 1.69096691478015 2.32062206602601 3.13212077209822 4.15754908587103 5.4275204254364 6.96843604276806 8.80002145405294 10.9398933716431 13.4643354579656 16.8828596433844 23.3105209136299 36.6410403281266 59.7988933267907 94.2309074124924 140.07058158645 195.234519243687 254.761974935524 311.085782781415 355.408850666522 379.888414949904 379.888414949904 355.408850666522 311.085782781415 254.761974935524 195.234519243687 140.07058158645 94.2309074124924 59.7988933267907 36.6410403281266 23.3105209136299 16.8828596433844 13.4643354579656 10.9398933716431 8.80002145405294 6.96843604276806 5.4275204254364 4.15754908587103 3.13212077209822 2.32062206602601 1.69096691478015 1.21179896320893 0.854064786672726 0.591991987998311 0.403557678661471 0.270557872181764 0 0 0 0 0 0 0 0 0 0 0 0 0 0 0 0 0 0 0 0
0 0 0 0 0 0 0 0 0 0 0 0 0 0 0 0 0 0 0 0 0 0 0 0 0 0 0 0 0 0 0.492865405073041 0.735146300345676 1.07841020707306 1.5558186632961 2.20748996158448 3.0803727376007 4.22739255437777 5.7056701219217 7.57365503125775 9.88710731786222 12.6940108637497 16.0289241914902 19.9098395469542 24.3583647653413 29.562702124885 36.6410403281266 49.332960625016 73.2576733787356 111.488607453281 163.858481716892 227.506364871703 296.436811160536 361.751793863617 413.182394601106 441.595036037653 441.595036037653 413.182394601106 361.751793863617 296.436811160536 227.506364871703 163.858481716892 111.488607453281 73.2576733787356 49.332960625016 36.6410403281266 29.562702124885 24.3583647653413 19.9098395469542 16.0289241914902 12.6940108637497 9.88710731786222 7.57365503125775 5.7056701219217 4.22739255437777 3.0803727376007 2.20748996158448 1.5558186632961 1.07841020707306 0.735146300345676 0.492865405073041 0 0 0 0 0 0 0 0 0 0 0 0 0 0 0 0 0 0 0 0
0 0 0 0 0 0 0 0 0 0 0 0 0 0 0 0 0 0 0 0 0 0 0 0 0 0 0 0 0 0 0.839954167972275 1.25285563297598 1.83785499832479 2.65146702810465 3.76206237018187 5.24965212250657 7.20443341939247 9.72375286848585 12.9072216533375 16.8498648538496 21.6334180732705 27.3162809272116 33.9240220230985 41.4505640531097 49.9261647614916 59.7988933267907 73.2576733787356 96.0608106070642 134.945841414928 191.69554778133 262.73120680124 340.589046423538 414.732285217558 473.2425745896 505.596953842611 505.596953842611 473.2425745896 414.732285217558 340.589046423538 262.73120680124 191.69554778133 134.945841414928 96.0608106070642 73.2576733787356 59.7988933267907 49.9261647614916 41.4505640531097 33.9240220230985 27.3162809272116 21.6334180732705 16.8498648538496 12.9072216533375 9.72375286848585 7.20443341939247 5.24965212250657 3.76206237018187 2.65146702810465 1.83785499832479 1.25285563297598 0.839954167972275 0 0 0 0 0 0 0 0 0 0 0 0 0 0 0 0 0 0 0 0
0 0 0 0 0 0 0 0 0 0 0 0 0 0 0 0 0 0 0 0 0 0 0 0 0 0 0 0 0 0 1.33918919522106 1.99750271006293 2.93020220624801 4.22739255416118 5.99808116918771 8.36983453287586 11.4864593340153 15.5031610920892 20.5787558211909 26.8647466559039 34.4914339149598 43.5517325961446 54.0844044575507 66.0628411524512 79.4188282484125 94.2309074124924 111.488607453281 134.945841414928 172.099330625549 229.057526032136 304.198987176644 388.930939315141 470.700429646498 535.625782030671 571.6246230415 571.6246230415 535.625782030671 470.700429646498 388.930939315141 304.198987176644 229.057526032136 172.099330625549 134.945841414928 111.488607453281 94.2309074124924 79.4188282484125 66.0628411524512 54.0844044575507 43.5517325961446 34.4914339149598 26.8647466559039 20.5787558211909 15.5031610920892 11.4864593340153 8.36983453287586 5.99808116918771 4.22739255416118 2.93020220624801 1.99750271006293 1.33918919522106 0 0 0 0 0 0 0 0 0 0 0 0 0 0 0 0 0 0 0 0
0 0 0 0 0 0 0 0 0 0 0 0 0 0 0 0 0 0 0 0 0 0 0 0 0 0 0 0 0 0 1.99750271006294 2.97942747070188 4.37061982645897 6.30547805610315 8.94659502435137 12.4842458570137 17.1329291862116 23.1241458673998 30.6947820606554 40.0708157910785 51.4465932370795 64.960621009961 80.6698603513551 98.5274000825278 118.381565798776 140.07058158645 163.858481716892 191.69554778133 229.057526032136 283.684744550651 358.314433612544 445.91470967416 532.559389577038 602.239912469774 641.105190626935 641.105190626935 602.239912469774 532.559389577038 445.91470967416 358.314433612544 283.684744550651 229.057526032136 191.69554778133 163.858481716892 140.07058158645 118.381565798776 98.5274000825278 80.6698603513551 64.960621009961 51.4465932370795 40.0708157910785 30.6947820606554 23.1241458673998 17.1329291862116 12.4842458570137 8.94659502435137 6.30547805610315 4.37061982645897 2.97942747070188 1.99750271006294 0 0 0 0 0 0 0 0 0 0 0 0 0 0 0 0 0 0 0 0
0 0 0 0 0 0 0 0 0 0 0 0 0 0 0 0 0 0 0 0 0 0 0 0 0 0 0 0 0 0 2.78735260337585 4.15754876085687 6.09884456740621 8.79878189234329 12.4842458570129 17.4207499271095 23.9076095016134 32.2678651991298 42.8320723823197 55.915564806454 71.7895336945065 90.6472155484401 112.56770245715 137.482215196285 165.156136619988 195.234519243687 227.506364871703 262.73120680124 304.198987176644 358.314433612544 430.245809371263 516.61991492009 604.407587172516 676.289221960809 716.757118065021 716.757118065021 676.289221960809 604.407587172516 516.61991492009 430.245809371263 358.314433612544 304.198987176644 262.73120680124 227.506364871703 195.234519243687 165.156136619988 137.482215196285 112.56770245715 90.6472155484401 71.7895336945065 55.915564806454 42.8320723823197 32.2678651991298 23.9076095016134 17.4207499271095 12.4842458570129 8.79878189234329 6.09884456740621 4.15754876085687 2.78735260337585 0 0 0 0 0 0 0 0 0 0 0 0 0 0 0 0 0 0 0 0
0 0 0 0 0 0 0 0 0 0 0 0 0 0 0 0 0 0 0 0 0 0 0 0 0 0 0 0 0 0 3.63877781263842 5.42751432583229 7.96179868586783 11.4864593339669 16.2976857599584 22.7420952187799 31.2104320430448 42.1244128944518 55.9155646285826 72.9955428050057 93.7183752673775 118.336305909961 146.95239450562 179.475231587253 215.587310266463 254.761974935524 296.436811160536 340.589046423538 388.930939315141 445.91470967416 516.61991492009 600.373041198404 686.612734336688 758.314750248538 799.073203907515 799.073203907515 758.314750248538 686.612734336688 600.373041198404 516.61991492009 445.91470967416 388.930939315141 340.589046423538 296.436811160536 254.761974935524 215.587310266463 179.475231587253 146.95239450562 118.336305909961 93.7183752673775 72.9955428050057 55.9155646285826 42.1244128944518 31.2104320430448 22.7420952187799 16.2976857599584 11.4864593339669 7.96179868586783 5.42751432583229 3.63877781263842 0 0 0 0 0 0 0 0 0 0 0 0 0 0 0 0 0 0 0 0
0 0 0 0 0 0 0 0 0 0 0 0 0 0 0 0 0 0 0 0 0 0 0 0 0 0 0 0 0 0 4.44404305859155 6.62862878886031 9.72375286585 14.0284245148502 19.9043802622654 27.7749441155255 38.117332527085 51.4465884864193 68.2897361801774 89.1495309133253 114.458346493483 144.524239180912 179.472978705838 219.192104478334 263.288151629977 311.085782781415 361.751793863617 414.732285217558 470.700429646498 532.559389577038 604.407587172516 686.612734336688 770.813980532834 841.250755973511 881.536409066867 881.536409066867 841.250755973511 770.813980532834 686.612734336688 604.407587172516 532.559389577038 470.700429646498 414.732285217558 361.751793863617 311.085782781415 263.288151629977 219.192104478334 179.472978705838 144.524239180912 114.458346493483 89.1495309133253 68.2897361801774 51.4465884864193 38.117332527085 27.7749441155255 19.9043802622654 14.0284245148502 9.72375286585 6.62862878886031 4.44404305859155 0 0 0 0 0 0 0 0 0 0 0 0 0 0 0 0 0 0 0 0
0 0 0 0 0 0 0 0 0 0 0 0 0 0 0 0 0 0 0 0 0 0 0 0 0 0 0 0 0 0 5.07761854743337 7.5736548990673 11.1100426461544 16.0284199700008 22.7420952187796 31.7347445862989 43.5516200150277 58.7811928139358 78.0256236155081 101.859344196389 130.776370377504 165.128672460468 205.05990225919 250.44115544527 300.820028671535 355.408850666522 413.182394601106 473.2425745896 535.625782030671 602.239912469774 676.289221960809 758.314750248538 841.250755973511 910.545914071788 950.257723549528 950.257723549528 910.545914071788 841.250755973511 758.314750248538 676.289221960809 602.239912469774 535.625782030671 473.2425745896 413.182394601106 355.408850666522 300.820028671535 250.44115544527 205.05990225919 165.128672460468 130.776370377504 101.859344196389 78.0256236155081 58.7811928139358 43.5516200150277 31.7347445862989 22.7420952187796 16.0284199700008 11.1100426461544 7.5736548990673 5.07761854743337 0 0 0 0 0 0 0 0 0 0 0 0 0 0 0 0 0 0 0 0
0 0 0 0 0 0 0 0 0 0 0 0 0 0 0 0 0 0 0 0 0 0 0 0 0 0 0 0 0 0 5.4275143258323 8.09555110916632 11.8756293052165 17.1329291861851 24.3092399411849 33.9215676127995 46.5527371417542 62.8317710569781 83.402324533792 108.878413102289 139.788094772633 176.507591957059 219.190435282848 267.698667394821 321.547530572486 379.888414949904 441.595036037653 505.596953842611 571.6246230415 641.105190626935 716.757118065021 799.073203907515 881.536409066867 950.257723549528 989.641692436557 989.641692436557 950.257723549528 881.536409066867 799.073203907515 716.757118065021 641.105190626935 571.6246230415 505.596953842611 441.595036037653 379.888414949904 321.547530572486 267.698667394821 219.190435282848 176.507591957059 139.788094772633 108.878413102289 83.402324533792 62.8317710569781 46.5527371417542 33.9215676127995 24.3092399411849 17.1329291861851 11.8756293052165 8.09555110916632 5.4275143258323 0 0 0 0 0 0 0 0 0 0 0 0 0 0 0 0 0 0 0 0
0 0 0 0 0 0 0 0 0 0 0 0 0 0 0 0 0 0 0 0 0 0 0 0 0 0 0 0 0 0 5.4275143258323 8.09555110916632 11.8756293052165 17.1329291861851 24.3092399411849 33.9215676127995 46.5527371417542 62.8317710569781 83.402324533792 108.878413102289 139.788094772633 176.507591957059 219.190435282848 267.698667394821 321.547530572486 379.888414949904 441.595036037653 505.596953842611 571.6246230415 641.105190626935 716.757118065021 799.073203907515 881.536409066867 950.257723549528 989.641692436557 989.641692436557 950.257723549528 881.536409066867 799.073203907515 716.757118065021 641.105190626935 571.6246230415 505.596953842611 441.595036037653 379.888414949904 321.547530572486 267.698667394821 219.190435282848 176.507591957059 139.788094772633 108.878413102289 83.402324533792 62.8317710569781 46.5527371417542 33.9215676127995 24.3092399411849 17.1329291861851 11.8756293052165 8.09555110916632 5.4275143258323 0 0 0 0 0 0 0 0 0 0 0 0 0 0 0 0 0 0 0 0
0 0 0 0 0 0 0 0 0 0 0 0 0 0 0 0 0 0 0 0 0 0 0 0 0 0 0 0 0 0 5.07761854743337 7.5736548990673 11.1100426461544 16.0284199700008 22.7420952187796 31.7347445862989 43.5516200150277 58.7811928139358 78.0256236155081 101.859344196389 130.776370377504 165.128672460468 205.05990225919 250.44115544527 300.820028671535 355.408850666522 413.182394601106 473.2425745896 535.625782030671 602.239912469774 676.289221960809 758.314750248538 841.250755973511 910.545914071788 950.257723549528 950.257723549528 910.545914071788 841.250755973511 758.314750248538 676.289221960809 602.239912469774 535.625782030671 473.2425745896 413.182394601106 355.408850666522 300.820028671535 250.44115544527 205.05990225919 165.128672460468 130.776370377504 101.859344196389 78.0256236155081 58.7811928139358 43.5516200150277 31.7347445862989 22.7420952187796 16.0284199700008 11.1100426461544 7.5736548990673 5.07761854743337 0 0 0 0 0 0 0 0 0 0 0 0 0 0 0 0 0 0 0 0
0 0 0 0 0 0 0 0 0 0 0 0 0 0 0 0 0 0 0 0 0 0 0 0 0 0 0 0 0 0 4.44404305859155 6.62862878886031 9.72375286585 14.0284245148502 19.9043802622654 27.7749441155255 38.117332527085 51.4465884864193 68.2897361801774 89.1495309133253 114.458346493483 144.524239180912 179.472978705838 219.192104478334 263.288151629977 311.085782781415 361.751793863617 414.732285217558 470.700429646498 532.559389577038 604.407587172516 686.612734336688 770.813980532834 841.250755973511 881.536409066867 881.536409066867 841.250755973511 770.813980532834 686.612734336688 604.407587172516 532.559389577038 470.700429646498 414.732285217558 361.751793863617 311.085782781415 263.288151629977 219.192104478334 179.472978705838 144.524239180912 114.458346493483 89.1495309133253 68.2897361801774 51.4465884864193 38.117332527085 27.7749441155255 19.9043802622654 14.0284245148502 9.72375286585 6.62862878886031 4.44404305859155 0 0 0 0 0 0 0 0 0 0 0 0 0 0 0 0 0 0 0 0
0 0 0 0 0 0 0 0 0 0 0 0 0 0 0 0 0 0 0 0 0 0 0 0 0 0 0 0 0 0 3.63877781263842 5.42751432583229 7.96179868586783 11.4864593339669 16.2976857599584 22.7420952187799 31.2104320430448 42.1244128944518 55.9155646285826 72.9955428050057 93.7183752673775 118.336305909961 146.95239450562 179.475231587253 215.587310266463 254.761974935524 296.436811160536 340.589046423538 388.930939315141 445.91470967416 516.61991492009 600.373041198404 686.612734336688 758.314750248538 799.073203907515 799.073203907515 758.314750248538 686.612734336688 600.373041198404 516.61991492009 445.91470967416 388.930939315141 340.589046423538 296.436811160536 254.761974935524 215.587310266463 179.475231587253 146.95239450562 118.336305909961 93.7183752673775 72.9955428050057 55.9155646285826 42.1244128944518 31.2104320430448 22.7420952187799 16.2976857599584 11.4864593339669 7.96179868586783 5.42751432583229 3.63877781263842 0 0 0 0 0 0 0 0 0 0 0 0 0 0 0 0 0 0 0 0
0 0 0 0 0 0 0 0 0 0 0 0 0 0 0 0 0 0 0 0 0 0 0 0 0 0 0 0 0 0 2.78735260337585 4.15754876085687 6.09884456740621 8.79878189234329 12.4842458570129 17.4207499271095 23.9076095016134 32.2678651991298 42.8320723823197 55.915564806454 71.7895336945065 90.6472155484401 112.56770245715 137.482215196285 165.156136619988 195.234519243687 227.506364871703 262.73120680124 304.198987176644 358.314433612544 430.245809371263 516.61991492009 604.407587172516 676.289221960809 716.757118065021 716.757118065021 676.289221960809 604.407587172516 516.61991492009 430.245809371263 358.314433612544 304.198987176644 262.73120680124 227.506364871703 195.234519243687 165.156136619988 137.482215196285 112.56770245715 90.6472155484401 71.7895336945065 55.915564806454 42.8320723823197 32.2678651991298 23.9076095016134 17.4207499271095 12.4842458570129 8.79878189234329 6.09884456740621 4.15754876085687 2.78735260337585 0 0 0 0 0 0 0 0 0 0 0 0 0 0 0 0 0 0 0 0
0 0 0 0 0 0 0 0 0 0 0 0 0 0 0 0 0 0 0 0 0 0 0 0 0 0 0 0 0 0 1.99750271006294 2.97942747070188 4.37061982645897 6.30547805610315 8.94659502435137 12.4842458570137 17.1329291862116 23.1241458673998 30.6947820606554 40.0708157910785 51.4465932370795 64.960621009961 80.6698603513551 98.5274000825278 118.381565798776 140.07058158645 163.858481716892 191.69554778133 229.057526032136 283.684744550651 358.314433612544 445.91470967416 532.559389577038 602.239912469774 641.105190626935 641.105190626935 602.239912469774 532.559389577038 445.91470967416 358.314433612544 283.684744550651 229.057526032136 191.69554778133 163.858481716892 140.07058158645 118.381565798776 98.5274000825278 80.6698603513551 64.960621009961 51.4465932370795 40.0708157910785 30.6947820606554 23.1241458673998 17.1329291862116 12.4842458570137 8.94659502435137 6.30547805610315 4.37061982645897 2.97942747070188 1.99750271006294 0 0 0 0 0 0 0 0 0 0 0 0 0 0 0 0 0 0 0 0
0 0 0 0 0 0 0 0 0 0 0 0 0 0 0 0 0 0 0 0 0 0 0 0 0 0 0 0 0 0 1.33918919522106 1.99750271006293 2.93020220624801 4.22739255416118 5.99808116918771 8.36983453287586 11.4864593340153 15.5031610920892 20.5787558211909 26.8647466559039 34.4914339149598 43.5517325961446 54.0844044575507 66.0628411524512 79.4188282484125 94.2309074124924 111.488607453281 134.945841414928 172.099330625549 229.057526032136 304.198987176644 388.930939315141 470.700429646498 535.625782030671 571.6246230415 571.6246230415 535.625782030671 470.700429646498 388.930939315141 304.198987176644 229.057526032136 172.099330625549 134.945841414928 111.488607453281 94.2309074124924 79.4188282484125 66.0628411524512 54.0844044575507 43.5517325961446 34.4914339149598 26.8647466559039 20.5787558211909 15.5031610920892 11.4864593340153 8.36983453287586 5.99808116918771 4.22739255416118 2.93020220624801 1.99750271006293 1.33918919522106 0 0 0 0 0 0 0 0 0 0 0 0 0 0 0 0 0 0 0 0
0 0 0 0 0 0 0 0 0 0 0 0 0 0 0 0 0 0 0 0 0 0 0 0 0 0 0 0 0 0 0.839954167972275 1.25285563297598 1.83785499832479 2.65146702810465 3.76206237018187 5.24965212250657 7.20443341939247 9.72375286848585 12.9072216533375 16.8498648538496 21.6334180732705 27.3162809272116 33.9240220230985 41.4505640531097 49.9261647614916 59.7988933267907 73.2576733787356 96.0608106070642 134.945841414928 191.69554778133 262.73120680124 340.589046423538 414.732285217558 473.2425745896 505.596953842611 505.596953842611 473.2425745896 414.732285217558 340.589046423538 262.73120680124 191.69554778133 134.945841414928 96.0608106070642 73.2576733787356 59.7988933267907 49.9261647614916 41.4505640531097 33.9240220230985 27.3162809272116 21.6334180732705 16.8498648538496 12.9072216533375 9.72375286848585 7.20443341939247 5.24965212250657 3.76206237018187 2.65146702810465 1.83785499832479 1.25285563297598 0.839954167972275 0 0 0 0 0 0 0 0 0 0 0 0 0 0 0 0 0 0 0 0
0 0 0 0 0 0 0 0 0 0 0 0 0 0 0 0 0 0 0 0 0 0 0 0 0 0 0 0 0 0 0.492865405073041 0.735146300345676 1.07841020707306 1.5558186632961 2.20748996158448 3.0803727376007 4.22739255437777 5.7056701219217 7.57365503125775 9.88710731786222 12.6940108637497 16.0289241914902 19.9098395469542 24.3583647653413 29.562702124885 36.6410403281266 49.332960625016 73.2576733787356 111.488607453281 163.858481716892 227.506364871703 296.436811160536 361.751793863617 413.182394601106 441.595036037653 441.595036037653 413.182394601106 361.751793863617 296.436811160536 227.506364871703 163.858481716892 111.488607453281 73.2576733787356 49.332960625016 36.6410403281266 29.562702124885 24.3583647653413 19.9098395469542 16.0289241914902 12.6940108637497 9.88710731786222 7.57365503125775 5.7056701219217 4.22739255437777 3.0803727376007 2.20748996158448 1.5558186632961 1.07841020707306 0.735146300345676 0.492865405073041 0 0 0 0 0 0 0 0 0 0 0 0 0 0 0 0 0 0 0 0
0 0 0 0 0 0 0 0 0 0 0 0 0 0 0 0 0 0 0 0 0 0 0 0 0 0 0 0 0 0 0.270557872181764 0.403557678661471 0.591991987998311 0.854064786672726 1.21179896320893 1.69096691478015 2.32062206602601 3.13212077209822 4.15754908587103 5.4275204254364 6.96843604276806 8.80002145405294 10.9398933716431 13.4643354579656 16.8828596433844 23.3105209136299 36.6410403281266 59.7988933267907 94.2309074124924 140.07058158645 195.234519243687 254.761974935524 311.085782781415 355.408850666522 379.888414949904 379.888414949904 355.408850666522 311.085782781415 254.761974935524 195.234519243687 140.07058158645 94.2309074124924 59.7988933267907 36.6410403281266 23.3105209136299 16.8828596433844 13.4643354579656 10.9398933716431 8.80002145405294 6.96843604276806 5.4275204254364 4.15754908587103 3.13212077209822 2.32062206602601 1.69096691478015 1.21179896320893 0.854064786672726 0.591991987998311 0.403557678661471 0.270557872181764 0 0 0 0 0 0 0 0 0 0 0 0 0 0 0 0 0 0 0 0
0 0 0 0 0 0 0 0 0 0 0 0 0 0 0 0 0 0 0 0 0 0 0 0 0 0 0 0 0 0 0.13894761839694 0.20725095848676 0.30402322497264 0.438613251604622 0.622331106303551 0.868412453542064 1.19177796229329 1.60853102111347 2.13515035790561 2.78736917682142 3.57891788237032 4.52206545049926 5.64761225561008 7.16525678604712 10.1342273814857 16.8828596433844 29.562702124885 49.9261647614916 79.4188282484125 118.381565798776 165.156136619988 215.587310266463 263.288151629977 300.820028671535 321.547530572486 321.547530572486 300.820028671535 263.288151629977 215.587310266463 165.156136619988 118.381565798776 79.4188282484125 49.9261647614916 29.562702124885 16.8828596433844 10.1342273814857 7.16525678604712 5.64761225561008 4.52206545049926 3.57891788237032 2.78736917682142 2.13515035790561 1.60853102111347 1.19177796229329 0.868412453542064 0.622331106303551 0.438613251604622 0.30402322497264 0.20725095848676 0.13894761839694 0 0 0 0 0 0 0 0 0 0 0 0 0 0 0 0 0 0 0 0
0 0 0 0 0 0 0 0 0 0 0 0 0 0 0 0 0 0 0 0 0 0 0 0 0 0 0 0 0 0 0.0667576642558667 0.099574142133482 0.146068573271469 0.21073262375146 0.299000238581338 0.417230519627567 0.572592135794285 0.772822080881331 1.02583953492069 1.33923895998543 1.72015111281456 2.18107921079424 2.8007325557267 4.05371466908538 7.16525678604712 13.4643354579656 24.3583647653413 41.4505640531097 66.0628411524512 98.5274000825278 137.482215196285 179.475231587253 219.192104478334 250.44115544527 267.698667394821 267.698667394821 250.44115544527 219.192104478334 179.475231587253 137.482215196285 98.5274000825278 66.0628411524512 41.4505640531097 24.3583647653413 13.4643354579656 7.16525678604712 4.05371466908538 2.8007325557267 2.18107921079424 1.72015111281456 1.33923895998543 1.02583953492069 0.772822080881331 0.572592135794285 0.417230519627567 0.299000238581338 0.21073262375146 0.146068573271469 0.099574142133482 0.0667576642558667 0 0 0 0 0 0 0 0 0 0 0 0 0 0 0 0 0 0 0 0
0 0 0 0 0 0 0 0 0 0 0 0 0 0 0 0 0 0 0 0 0 0 0 0 0 0 0 0 0 0 0.0300061483452025 0.0447564562587429 0.0656547128634872 0.0947198264043267 0.134394239444787 0.187536233198557 0.257367983011633 0.347367404071259 0.461100631413765 0.602102119146142 0.77539238899499 1.00812786698857 1.49189952365132 2.8007325557267 5.64761225561008 10.9398933716431 19.9098395469542 33.9240220230985 54.0844044575507 80.6698603513551 112.56770245715 146.95239450562 179.472978705838 205.05990225919 219.190435282848 219.190435282848 205.05990225919 179.472978705838 146.95239450562 112.56770245715 80.6698603513551 54.0844044575507 33.9240220230985 19.9098395469542 10.9398933716431 5.64761225561008 2.8007325557267 1.49189952365132 1.00812786698857 0.77539238899499 0.602102119146142 0.461100631413765 0.347367404071259 0.257367983011633 0.187536233198557 0.134394239444787 0.0947198264043267 0.0656547128634872 0.0447564562587429 0.0300061483452025 0 0 0 0 0 0 0 0 0 0 0 0 0 0 0 0 0 0 0 0
0 0 0 0 0 0 0 0 0 0 0 0 0 0 0 0 0 0 0 0 0 0 0 0 0 0 0 0 0 0 0.0126176496484218 0.0188201857193054 0.0276079473829596 0.0398298898813442 0.0565130655783529 0.0788593891776867 0.108223834918633 0.146070004907201 0.193922368498493 0.253719778379747 0.334131580522315 0.505184294676272 1.00812786698857 2.18107921079424 4.52206545049926 8.80002145405294 16.0289241914902 27.3162809272116 43.5517325961446 64.960621009961 90.6472155484401 118.336305909961 144.524239180912 165.128672460468 176.507591957059 176.507591957059 165.128672460468 144.524239180912 118.336305909961 90.6472155484401 64.960621009961 43.5517325961446 27.3162809272116 16.0289241914902 8.80002145405294 4.52206545049926 2.18107921079424 1.00812786698857 0.505184294676272 0.334131580522315 0.253719778379747 0.193922368498493 0.146070004907201 0.108223834918633 0.0788593891776867 0.0565130655783529 0.0398298898813442 0.0276079473829596 0.0188201857193054 0.0126176496484218 0 0 0 0 0 0 0 0 0 0 0 0 0 0 0 0 0 0 0 0
0 0 0 0 0 0 0 0 0 0 0 0 0 0 0 0 0 0 0 0 0 0 0 0 0 0 0 0 0 0 0.00496370279332764 0.00740374087321059 0.0108607901916746 0.0156688243224168 0.0222318792492247 0.0310227860435987 0.0425747590192149 0.0574682454752898 0.0764056602574542 0.101961280803289 0.157392477821761 0.334131580522315 0.77539238899499 1.72015111281456 3.57891788237032 6.96843604276806 12.6940108637497 21.6334180732705 34.4914339149598 51.4465932370795 71.7895336945065 93.7183752673775 114.458346493483 130.776370377504 139.788094772633 139.788094772633 130.776370377504 114.458346493483 93.7183752673775 71.7895336945065 51.4465932370795 34.4914339149598 21.6334180732705 12.6940108637497 6.96843604276806 3.57891788237032 1.72015111281456 0.77539238899499 0.334131580522315 0.157392477821761 0.101961280803289 0.0764056602574542 0.0574682454752898 0.0425747590192149 0.0310227860435987 0.0222318792492247 0.0156688243224168 0.0108607901916746 0.00740374087321059 0.00496370279332764 0 0 0 0 0 0 0 0 0 0 0 0 0 0 0 0 0 0 0 0
0 0 0 0 0 0 0 0 0 0 0 0 0 0 0 0 0 0 0 0 0 0 0 0 0 0 0 0 0 0 0.00182680490301584 0.00272481868697694 0.00399712585547007 0.00576663961599992 0.00818205906941546 0.0114174265604186 0.015669784075229 0.0211740084146739 0.0286438223884992 0.0451171825179774 0.101961280803289 0.253719778379747 0.602102119146142 1.33923895998543 2.78736917682142 5.4275204254364 9.88710731786222 16.8498648538496 26.8647466559039 40.0708157910785 55.915564806454 72.9955428050057 89.1495309133253 101.859344196389 108.878413102289 108.878413102289 101.859344196389 89.1495309133253 72.9955428050057 55.915564806454 40.0708157910785 26.8647466559039 16.8498648538496 9.88710731786222 5.4275204254364 2.78736917682142 1.33923895998543 0.602102119146142 0.253719778379747 0.101961280803289 0.0451171825179774 0.0286438223884992 0.0211740084146739 0.015669784075229 0.0114174265604186 0.00818205906941546 0.00576663961599992 0.00399712585547007 0.00272481868697694 0.00182680490301584 0 0 0 0 0 0 0 0 0 0 0 0 0 0 0 0 0 0 0 0
0 0 0 0 0 0 0 0 0 0 0 0 0 0 0 0 0 0 0 0 0 0 0 0 0 0 0 0 0 0 0.000628981193944593 0.000938173369374462 0.00137623727151879 0.00198549281328271 0.00281714135469266 0.00393123254427573 0.00539962742358234 0.00740748423101754 0.0118993663628855 0.0286438223884992 0.0764056602574542 0.193922368498493 0.461100631413765 1.02583953492069 2.13515035790561 4.15754908587103 7.57365503125775 12.9072216533375 20.5787558211909 30.6947820606554 42.8320723823197 55.9155646285826 68.2897361801774 78.0256236155081 83.402324533792 83.402324533792 78.0256236155081 68.2897361801774 55.9155646285826 42.8320723823197 30.6947820606554 20.5787558211909 12.9072216533375 7.57365503125775 4.15754908587103 2.13515035790561 1.02583953492069 0.461100631413765 0.193922368498493 0.0764056602574542 0.0286438223884992 0.0118993663628855 0.00740748423101754 0.00539962742358234 0.00393123254427573 0.00281714135469266 0.00198549281328271 0.00137623727151879 0.000938173369374462 0.000628981193944593 0 0 0 0 0 0 0 0 0 0 0 0 0 0 0 0 0 0 0 0
0 0 0 0 0 0 0 0 0 0 0 0 0 0 0 0 0 0 0 0 0 0 0 0 0 0 0 0 0 0 0.000202601308459396 0.000302195286748419 0.000443300180073601 0.000639548056258567 0.00090744944278831 0.00126704187993275 0.00176329338911397 0.00288755036219304 0.00740748423101754 0.0211740084146739 0.0574682454752898 0.146070004907201 0.347367404071259 0.772822080881331 1.60853102111347 3.13212077209822 5.7056701219217 9.72375286848585 15.5031610920892 23.1241458673998 32.2678651991298 42.1244128944518 51.4465884864193 58.7811928139358 62.8317710569781 62.8317710569781 58.7811928139358 51.4465884864193 42.1244128944518 32.2678651991298 23.1241458673998 15.5031610920892 9.72375286848585 5.7056701219217 3.13212077209822 1.60853102111347 0.772822080881331 0.347367404071259 0.146070004907201 0.0574682454752898 0.0211740084146739 0.00740748423101754 0.00288755036219304 0.00176329338911397 0.00126704187993275 0.00090744944278831 0.000639548056258567 0.000443300180073601 0.000302195286748419 0.000202601308459396 0 0 0 0 0 0 0 0 0 0 0 0 0 0 0 0 0 0 0 0
0 0 0 0 0 0 0 0 0 0 0 0 0 0 0 0 0 0 0 0 0 0 0 0 0 0 0 0 0 0 6.10528475276184e-05 9.10649740433144e-05 0.000133586241417393 0.000192726975238661 0.000273572594953198 0.000386336831371608 0.000644702220031693 0.00176329338911397 0.00539962742358234 0.015669784075229 0.0425747590192149 0.108223834918633 0.257367983011633 0.572592135794285 1.19177796229329 2.32062206602601 4.22739255437777 7.20443341939247 11.4864593340153 17.1329291862116 23.9076095016134 31.2104320430448 38.117332527085 43.5516200150277 46.5527371417542 46.5527371417542 43.5516200150277 38.117332527085 31.2104320430448 23.9076095016134 17.1329291862116 11.4864593340153 7.20443341939247 4.22739255437777 2.32062206602601 1.19177796229329 0.572592135794285 0.257367983011633 0.108223834918633 0.0425747590192149 0.015669784075229 0.00539962742358234 0.00176329338911397 0.000644702220031693 0.000386336831371608 0.000273572594953198 0.000192726975238661 0.000133586241417393 9.10649740433144e-05 6.10528475276184e-05 0 0 0 0 0 0 0 0 0 0 0 0 0 0 0 0 0 0 0 0
0 0 0 0 0 0 0 0 0 0 0 0 0 0 0 0 0 0 0 0 0 0 0 0 0 0 0 0 0 0 1.72118953771185e-05 2.56728577654095e-05 3.76606623455752e-05 5.43500585367475e-05 7.79062416943523e-05 0.000132438005105997 0.000386336831371608 0.00126704187993275 0.00393123254427573 0.0114174265604186 0.0310227860435987 0.0788593891776867 0.187536233198557 0.417230519627567 0.868412453542064 1.69096691478015 3.0803727376007 5.24965212250657 8.36983453287586 12.4842458570137 17.4207499271095 22.7420952187799 27.7749441155255 31.7347445862989 33.9215676127995 33.9215676127995 31.7347445862989 27.7749441155255 22.7420952187799 17.4207499271095 12.4842458570137 8.36983453287586 5.24965212250657 3.0803727376007 1.69096691478015 0.868412453542064 0.417230519627567 0.187536233198557 0.0788593891776867 0.0310227860435987 0.0114174265604186 0.00393123254427573 0.00126704187993275 0.000386336831371608 0.000132438005105997 7.79062416943523e-05 5.43500585367475e-05 3.76606623455752e-05 2.56728577654095e-05 1.72118953771185e-05 0 0 0 0 0 0 0 0 0 0 0 0 0 0 0 0 0 0 0 0
0 0 0 0 0 0 0 0 0 0 0 0 0 0 0 0 0 0 0 0 0 0 0 0 0 0 0 0 0 0 4.53952697618319e-06 6.7710837830614e-06 9.93498110549416e-06 1.44584889149499e-05 2.50316778933217e-05 7.79062416943523e-05 0.000273572594953198 0.00090744944278831 0.00281714135469266 0.00818205906941546 0.0222318792492247 0.0565130655783529 0.134394239444787 0.299000238581338 0.622331106303551 1.21179896320893 2.20748996158448 3.76206237018187 5.99808116918771 8.94659502435137 12.4842458570129 16.2976857599584 19.9043802622654 22.7420952187796 24.3092399411849 24.3092399411849 22.7420952187796 19.9043802622654 16.2976857599584 12.4842458570129 8.94659502435137 5.99808116918771 3.76206237018187 2.20748996158448 1.21179896320893 0.622331106303551 0.299000238581338 0.134394239444787 0.0565130655783529 0.0222318792492247 0.00818205906941546 0.00281714135469266 0.00090744944278831 0.000273572594953198 7.79062416943523e-05 2.50316778933217e-05 1.44584889149499e-05 9.93498110549416e-06 6.7710837830614e-06 4.53952697618319e-06 0 0 0 0 0 0 0 0 0 0 0 0 0 0 0 0 0 0 0 0
0 0 0 0 0 0 0 0 0 0 0 0 0 0 0 0 0 0 0 0 0 0 0 0 0 0 0 0 0 0 1.12008980820953e-06 1.67097220446969e-06 2.46945236670752e-06 4.35302498146438e-06 1.44584889149499e-05 5.43500585367475e-05 0.000192726975238661 0.000639548056258567 0.00198549281328271 0.00576663961599992 0.0156688243224168 0.0398298898813442 0.0947198264043267 0.21073262375146 0.438613251604622 0.854064786672726 1.5558186632961 2.65146702810465 4.22739255416118 6.30547805610315 8.79878189234329 11.4864593339669 14.0284245148502 16.0284199700008 17.1329291861851 17.1329291861851 16.0284199700008 14.0284245148502 11.4864593339669 8.79878189234329 6.30547805610315 4.22739255416118 2.65146702810465 1.5558186632961 0.854064786672726 0.438613251604622 0.21073262375146 0.0947198264043267 0.0398298898813442 0.0156688243224168 0.00576663961599992 0.00198549281328271 0.000639548056258567 0.000192726975238661 5.43500585367475e-05 1.44584889149499e-05 4.35302498146438e-06 2.46945236670752e-06 1.67097220446969e-06 1.12008980820953e-06 0 0 0 0 0 0 0 0 0 0 0 0 0 0 0 0 0 0 0 0
0 0 0 0 0 0 0 0 0 0 0 0 0 0 0 0 0 0 0 0 0 0 0 0 0 0 0 0 0 0 2.58585020368821e-07 3.881418322112e-07 6.96492146745276e-07 2.46945236670752e-06 9.93498110549416e-06 3.76606623455752e-05 0.000133586241417393 0.000443300180073601 0.00137623727151879 0.00399712585547007 0.0108607901916746 0.0276079473829596 0.0656547128634872 0.146068573271469 0.30402322497264 0.591991987998311 1.07841020707306 1.83785499832479 2.93020220624801 4.37061982645897 6.09884456740621 7.96179868586783 9.72375286585 11.1100426461544 11.8756293052165 11.8756293052165 11.1100426461544 9.72375286585 7.96179868586783 6.09884456740621 4.37061982645897 2.93020220624801 1.83785499832479 1.07841020707306 0.591991987998311 0.30402322497264 0.146068573271469 0.0656547128634872 0.0276079473829596 0.0108607901916746 0.00399712585547007 0.00137623727151879 0.000443300180073601 0.000133586241417393 3.76606623455752e-05 9.93498110549416e-06 2.46945236670752e-06 6.96492146745276e-07 3.881418322112e-07 2.58585020368821e-07 0 0 0 0 0 0 0 0 0 0 0 0 0 0 0 0 0 0 0 0
0 0 0 0 0 0 0 0 0 0 0 0 0 0 0 0 0 0 0 0 0 0 0 0 0 0 0 0 0 0 5.61408969511325e-08 1.02533351862076e-07 3.881418322112e-07 1.67097220446969e-06 6.7710837830614e-06 2.56728577654095e-05 9.10649740433144e-05 0.000302195286748419 0.000938173369374462 0.00272481868697694 0.00740374087321059 0.0188201857193054 0.0447564562587429 0.099574142133482 0.20725095848676 0.403557678661471 0.735146300345676 1.25285563297598 1.99750271006293 2.97942747070188 4.15754876085687 5.42751432583229 6.62862878886031 7.5736548990673 8.09555110916632 8.09555110916632 7.5736548990673 6.62862878886031 5.42751432583229 4.15754876085687 2.97942747070188 1.99750271006293 1.25285563297598 0.735146300345676 0.403557678661471 0.20725095848676 0.099574142133482 0.0447564562587429 0.0188201857193054 0.00740374087321059 0.00272481868697694 0.000938173369374462 0.000302195286748419 9.10649740433144e-05 2.56728577654095e-05 6.7710837830614e-06 1.67097220446969e-06 3.881418322112e-07 1.02533351862076e-07 5.61408969511325e-08 0 0 0 0 0 0 0 0 0 0 0 0 0 0 0 0 0 0 0 0
0 0 0 0 0 0 0 0 0 0 0 0 0 0 0 0 0 0 0 0 0 0 0 0 0 0 0 0 0 0 1.3887943864964e-08 5.61408969511325e-08 2.58585020368821e-07 1.12008980820953e-06 4.53952697618319e-06 1.72118953771185e-05 6.10528475276184e-05 0.000202601308459396 0.000628981193944593 0.00182680490301584 0.00496370279332764 0.0126176496484218 0.0300061483452025 0.0667576642558667 0.13894761839694 0.270557872181764 0.492865405073041 0.839954167972275 1.33918919522106 1.99750271006294 2.78735260337585 3.63877781263842 4.44404305859155 5.07761854743337 5.4275143258323 5.4275143258323 5.07761854743337 4.44404305859155 3.63877781263842 2.78735260337585 1.99750271006294 1.33918919522106 0.839954167972275 0.492865405073041 0.270557872181764 0.13894761839694 0.0667576642558667 0.0300061483452025 0.0126176496484218 0.00496370279332764 0.00182680490301584 0.000628981193944593 0.000202601308459396 6.10528475276184e-05 1.72118953771185e-05 4.53952697618319e-06 1.12008980820953e-06 2.58585020368821e-07 5.61408969511325e-08 1.3887943864964e-08 0 0 0 0 0 0 0 0 0 0 0 0 0 0 0 0 0 0 0 0
0 0 0 0 0 0 0 0 0 0 0 0 0 0 0 0 0 0 0 0 0 0 0 0 0 0 0 0 0 0 0 0 0 0 0 0 0 0 0 0 0 0 0 0 0 0 0 0 0 0 0 0 0 0 0 0 0 0 0 0 0 0 0 0 0 0 0 0 0 0 0 0 0 0 0 0 0 0 0 0 0 0 0 0 0 0 0 0 0 0 0 0 0 0 0 0 0 0 0 0
0 0 0 0 0 0 0 0 0 0 0 0 0 0 0 0 0 0 0 0 0 0 0 0 0 0 0 0 0 0 0 0 0 0 0 0 0 0 0 0 0 0 0 0 0 0 0 0 0 0 0 0 0 0 0 0 0 0 0 0 0 0 0 0 0 0 0 0 0 0 0 0 0 0 0 0 0 0 0 0 0 0 0 0 0 0 0 0 0 0 0 0 0 0 0 0 0 0 0 0
0 0 0 0 0 0 0 0 0 0 0 0 0 0 0 0 0 0 0 0 0 0 0 0 0 0 0 0 0 0 0 0 0 0 0 0 0 0 0 0 0 0 0 0 0 0 0 0 0 0 0 0 0 0 0 0 0 0 0 0 0 0 0 0 0 0 0 0 0 0 0 0 0 0 0 0 0 0 0 0 0 0 0 0 0 0 0 0 0 0 0 0 0 0 0 0 0 0 0 0
0 0 0 0 0 0 0 0 0 0 0 0 0 0 0 0 0 0 0 0 0 0 0 0 0 0 0 0 0 0 0 0 0 0 0 0 0 0 0 0 0 0 0 0 0 0 0 0 0 0 0 0 0 0 0 0 0 0 0 0 0 0 0 0 0 0 0 0 0 0 0 0 0 0 0 0 0 0 0 0 0 0 0 0 0 0 0 0 0 0 0 0 0 0 0 0 0 0 0 0
0 0 0 0 0 0 0 0 0 0 0 0 0 0 0 0 0 0 0 0 0 0 0 0 0 0 0 0 0 0 0 0 0 0 0 0 0 0 0 0 0 0 0 0 0 0 0 0 0 0 0 0 0 0 0 0 0 0 0 0 0 0 0 0 0 0 0 0 0 0 0 0 0 0 0 0 0 0 0 0 0 0 0 0 0 0 0 0 0 0 0 0 0 0 0 0 0 0 0 0
0 0 0 0 0 0 0 0 0 0 0 0 0 0 0 0 0 0 0 0 0 0 0 0 0 0 0 0 0 0 0 0 0 0 0 0 0 0 0 0 0 0 0 0 0 0 0 0 0 0 0 0 0 0 0 0 0 0 0 0 0 0 0 0 0 0 0 0 0 0 0 0 0 0 0 0 0 0 0 0 0 0 0 0 0 0 0 0 0 0 0 0 0 0 0 0 0 0 0 0
0 0 0 0 0 0 0 0 0 0 0 0 0 0 0 0 0 0 0 0 0 0 0 0 0 0 0 0 0 0 0 0 0 0 0 0 0 0 0 0 0 0 0 0 0 0 0 0 0 0 0 0 0 0 0 0 0 0 0 0 0 0 0 0 0 0 0 0 0 0 0 0 0 0 0 0 0 0 0 0 0 0 0 0 0 0 0 0 0 0 0 0 0 0 0 0 0 0 0 0
0 0 0 0 0 0 0 0 0 0 0 0 0 0 0 0 0 0 0 0 0 0 0 0 0 0 0 0 0 0 0 0 0 0 0 0 0 0 0 0 0 0 0 0 0 0 0 0 0 0 0 0 0 0 0 0 0 0 0 0 0 0 0 0 0 0 0 0 0 0 0 0 0 0 0 0 0 0 0 0 0 0 0 0 0 0 0 0 0 0 0 0 0 0 0 0 0 0 0 0
0 0 0 0 0 0 0 0 0 0 0 0 0 0 0 0 0 0 0 0 0 0 0 0 0 0 0 0 0 0 0 0 0 0 0 0 0 0 0 0 0 0 0 0 0 0 0 0 0 0 0 0 0 0 0 0 0 0 0 0 0 0 0 0 0 0 0 0 0 0 0 0 0 0 0 0 0 0 0 0 0 0 0 0 0 0 0 0 0 0 0 0 0 0 0 0 0 0 0 0
0 0 0 0 0 0 0 0 0 0 0 0 0 0 0 0 0 0 0 0 0 0 0 0 0 0 0 0 0 0 0 0 0 0 0 0 0 0 0 0 0 0 0 0 0 0 0 0 0 0 0 0 0 0 0 0 0 0 0 0 0 0 0 0 0 0 0 0 0 0 0 0 0 0 0 0 0 0 0 0 0 0 0 0 0 0 0 0 0 0 0 0 0 0 0 0 0 0 0 0
0 0 0 0 0 0 0 0 0 0 0 0 0 0 0 0 0 0 0 0 0 0 0 0 0 0 0 0 0 0 0 0 0 0 0 0 0 0 0 0 0 0 0 0 0 0 0 0 0 0 0 0 0 0 0 0 0 0 0 0 0 0 0 0 0 0 0 0 0 0 0 0 0 0 0 0 0 0 0 0 0 0 0 0 0 0 0 0 0 0 0 0 0 0 0 0 0 0 0 0
0 0 0 0 0 0 0 0 0 0 0 0 0 0 0 0 0 0 0 0 0 0 0 0 0 0 0 0 0 0 0 0 0 0 0 0 0 0 0 0 0 0 0 0 0 0 0 0 0 0 0 0 0 0 0 0 0 0 0 0 0 0 0 0 0 0 0 0 0 0 0 0 0 0 0 0 0 0 0 0 0 0 0 0 0 0 0 0 0 0 0 0 0 0 0 0 0 0 0 0
0 0 0 0 0 0 0 0 0 0 0 0 0 0 0 0 0 0 0 0 0 0 0 0 0 0 0 0 0 0 0 0 0 0 0 0 0 0 0 0 0 0 0 0 0 0 0 0 0 0 0 0 0 0 0 0 0 0 0 0 0 0 0 0 0 0 0 0 0 0 0 0 0 0 0 0 0 0 0 0 0 0 0 0 0 0 0 0 0 0 0 0 0 0 0 0 0 0 0 0
0 0 0 0 0 0 0 0 0 0 0 0 0 0 0 0 0 0 0 0 0 0 0 0 0 0 0 0 0 0 0 0 0 0 0 0 0 0 0 0 0 0 0 0 0 0 0 0 0 0 0 0 0 0 0 0 0 0 0 0 0 0 0 0 0 0 0 0 0 0 0 0 0 0 0 0 0 0 0 0 0 0 0 0 0 0 0 0 0 0 0 0 0 0 0 0 0 0 0 0
0 0 0 0 0 0 0 0 0 0 0 0 0 0 0 0 0 0 0 0 0 0 0 0 0 0 0 0 0 0 0 0 0 0 0 0 0 0 0 0 0 0 0 0 0 0 0 0 0 0 0 0 0 0 0 0 0 0 0 0 0 0 0 0 0 0 0 0 0 0 0 0 0 0 0 0 0 0 0 0 0 0 0 0 0 0 0 0 0 0 0 0 0 0 0 0 0 0 0 0
0 0 0 0 0 0 0 0 0 0 0 0 0 0 0 0 0 0 0 0 0 0 0 0 0 0 0 0 0 0 0 0 0 0 0 0 0 0 0 0 0 0 0 0 0 0 0 0 0 0 0 0 0 0 0 0 0 0 0 0 0 0 0 0 0 0 0 0 0 0 0 0 0 0 0 0 0 0 0 0 0 0 0 0 0 0 0 0 0 0 0 0 0 0 0 0 0 0 0 0
0 0 0 0 0 0 0 0 0 0 0 0 0 0 0 0 0 0 0 0 0 0 0 0 0 0 0 0 0 0 0 0 0 0 0 0 0 0 0 0 0 0 0 0 0 0 0 0 0 0 0 0 0 0 0 0 0 0 0 0 0 0 0 0 0 0 0 0 0 0 0 0 0 0 0 0 0 0 0 0 0 0 0 0 0 0 0 0 0 0 0 0 0 0 0 0 0 0 0 0
0 0 0 0 0 0 0 0 0 0 0 0 0 0 0 0 0 0 0 0 0 0 0 0 0 0 0 0 0 0 0 0 0 0 0 0 0 0 0 0 0 0 0 0 0 0 0 0 0 0 0 0 0 0 0 0 0 0 0 0 0 0 0 0 0 0 0 0 0 0 0 0 0 0 0 0 0 0 0 0 0 0 0 0 0 0 0 0 0 0 0 0 0 0 0 0 0 0 0 0
0 0 0 0 0 0 0 0 0 0 0 0 0 0 0 0 0 0 0 0 0 0 0 0 0 0 0 0 0 0 0 0 0 0 0 0 0 0 0 0 0 0 0 0 0 0 0 0 0 0 0 0 0 0 0 0 0 0 0 0 0 0 0 0 0 0 0 0 0 0 0 0 0 0 0 0 0 0 0 0 0 0 0 0 0 0 0 0 0 0 0 0 0 0 0 0 0 0 0 0
0 0 0 0 0 0 0 0 0 0 0 0 0 0 0 0 0 0 0 0 0 0 0 0 0 0 0 0 0 0 0 0 0 0 0 0 0 0 0 0 0 0 0 0 0 0 0 0 0 0 0 0 0 0 0 0 0 0 0 0 0 0 0 0 0 0 0 0 0 0 0 0 0 0 0 0 0 0 0 0 0 0 0 0 0 0 0 0 0 0 0 0 0 0 0 0 0 0 0 0
0 0 0 0 0 0 0 0 0 0 0 0 0 0 0 0 0 0 0 0 0 0 0 0 0 0 0 0 0 0 0 0 0 0 0 0 0 0 0 0 0 0 0 0 0 0 0 0 0 0 0 0 0 0 0 0 0 0 0 0 0 0 0 0 0 0 0 0 0 0 0 0 0 0 0 0 0 0 0 0 0 0 0 0 0 0 0 0 0 0 0 0 0 0 0 0 0 0 0 0
0 0 0 0 0 0 0 0 0 0 0 0 0 0 0 0 0 0 0 0 0 0 0 0 0 0 0 0 0 0 0 0 0 0 0 0 0 0 0 0 0 0 0 0 0 0 0 0 0 0 0 0 0 0 0 0 0 0 0 0 0 0 0 0 0 0 0 0 0 0 0 0 0 0 0 0 0 0 0 0 0 0 0 0 0 0 0 0 0 0 0 0 0 0 0 0 0 0 0 0
0 0 0 0 0 0 0 0 0 0 0 0 0 0 0 0 0 0 0 0 0 0 0 0 0 0 0 0 0 0 0 0 0 0 0 0 0 0 0 0 0 0 0 0 0 0 0 0 0 0 0 0 0 0 0 0 0 0 0 0 0 0 0 0 0 0 0 0 0 0 0 0 0 0 0 0 0 0 0 0 0 0 0 0 0 0 0 0 0 0 0 0 0 0 0 0 0 0 0 0
0 0 0 0 0 0 0 0 0 0 0 0 0 0 0 0 0 0 0 0 0 0 0 0 0 0 0 0 0 0 0 0 0 0 0 0 0 0 0 0 0 0 0 0 0 0 0 0 0 0 0 0 0 0 0 0 0 0 0 0 0 0 0 0 0 0 0 0 0 0 0 0 0 0 0 0 0 0 0 0 0 0 0 0 0 0 0 0 0 0 0 0 0 0 0 0 0 0 0 0
0 0 0 0 0 0 0 0 0 0 0 0 0 0 0 0 0 0 0 0 0 0 0 0 0 0 0 0 0 0 0 0 0 0 0 0 0 0 0 0 0 0 0 0 0 0 0 0 0 0 0 0 0 0 0 0 0 0 0 0 0 0 0 0 0 0 0 0 0 0 0 0 0 0 0 0 0 0 0 0 0 0 0 0 0 0 0 0 0 0 0 0 0 0 0 0 0 0 0 0
